Sample d2 values. Average (d2obs-d2prd)^2 = 0.0230375
rec.rate_c	observed_d2	adjusted_d2
0.040903	2.51424	2.07462
0.028924	2.46305	2.22092
0.022329	2.4292	2.30749
0.018261	2.44341	2.36317
0.015443	2.41165	2.4028
0.01337	2.41808	2.43251
0.011788	2.54358	2.45552
0.010572	2.51032	2.47341
0.009521	2.40226	2.489
0.008704	2.54809	2.50122
0.00774056	2.57415	2.51572
0.00668913	2.55034	2.53169
0.00588705	2.46189	2.54398
0.00528904	2.4542	2.5532
0.00455825	2.46216	2.56458
0.00387406	2.49094	2.57536
0.00286483	2.36737	2.59169
0.0015354	2.43041	2.61525
