Ne averages over 40 independent estimates.
Generation	Geometric_mean
1	2.55419
2	2.55419
3	2.55419
4	2.55419
5	2.55419
6	2.55419
7	383594
8	2.62335e+06
9	2.62335e+06
10	2.62335e+06
11	2.82058e+06
12	2.89063e+06
13	2.90527e+06
14	2.91377e+06
15	2.95388e+06
16	3.07122e+06
17	3.11443e+06
18	3.10283e+06
19	3.13024e+06
20	3.08999e+06
21	3.06231e+06
22	3.03624e+06
23	3.03931e+06
24	3.07323e+06
25	3.11842e+06
26	3.11065e+06
27	3.12265e+06
28	3.15054e+06
29	3.19744e+06
30	3.18926e+06
31	3.1625e+06
32	3.18836e+06
33	3.19908e+06
34	3.17274e+06
35	3.15769e+06
36	3.16226e+06
37	3.17318e+06
38	3.1948e+06
39	3.17738e+06
40	3.18706e+06
41	3.18618e+06
42	3.1991e+06
43	3.21655e+06
44	3.21052e+06
45	3.21207e+06
46	3.18518e+06
47	3.18186e+06
48	3.14724e+06
49	3.1099e+06
50	3.08832e+06
51	3.04744e+06
52	3.05233e+06
53	3.05368e+06
54	3.04757e+06
55	3.10049e+06
56	3.153e+06
57	3.16806e+06
58	3.16814e+06
59	3.18987e+06
60	3.22676e+06
61	3.23529e+06
62	3.23945e+06
63	3.27085e+06
64	3.25299e+06
65	3.22377e+06
66	3.24767e+06
67	3.23947e+06
68	3.26017e+06
69	3.28048e+06
70	3.26441e+06
71	3.26757e+06
72	3.25131e+06
73	3.24168e+06
74	3.23983e+06
75	3.25563e+06
76	3.30018e+06
77	3.30547e+06
78	3.30991e+06
79	3.30666e+06
80	3.26994e+06
81	3.24748e+06
82	3.22353e+06
83	3.2297e+06
84	3.24302e+06
85	3.26523e+06
86	3.24447e+06
87	3.25172e+06
88	3.26842e+06
89	3.26992e+06
90	3.24254e+06
91	3.23769e+06
92	3.26588e+06
93	3.26184e+06
94	3.28594e+06
95	3.2333e+06
96	3.184e+06
97	3.10525e+06
98	3.07999e+06
99	3.07467e+06
100	3.0709e+06
101	3.11184e+06
102	3.1495e+06
103	3.14028e+06
104	3.16726e+06
105	3.16562e+06
106	3.15064e+06
107	3.15261e+06
108	3.1414e+06
109	3.09693e+06
110	3.02854e+06
111	3.01265e+06
112	3.0097e+06
113	3.00884e+06
114	3.05456e+06
115	3.07551e+06
116	3.07721e+06
117	3.10066e+06
118	3.12748e+06
119	3.14331e+06
120	3.15903e+06
121	3.162e+06
122	3.16944e+06
123	3.16592e+06
124	3.15422e+06
125	3.16237e+06
126	3.15445e+06
127	3.15725e+06
128	3.16448e+06
129	3.2207e+06
130	3.23299e+06
131	3.25742e+06
132	3.28159e+06
133	3.28023e+06
134	3.27839e+06
135	3.27414e+06
136	3.24266e+06
137	3.22824e+06
138	3.21646e+06
139	3.14797e+06
140	3.07058e+06
141	3.0604e+06
142	3.07015e+06
143	3.07004e+06
144	3.08856e+06
145	3.09186e+06
146	3.11954e+06
147	3.13718e+06
148	3.13288e+06
149	3.11076e+06
150	3.09853e+06
151	3.11852e+06
152	3.12467e+06
153	3.15579e+06
154	3.19297e+06
155	3.22532e+06
156	3.2269e+06
157	3.22632e+06
158	3.22405e+06
159	3.2021e+06
160	3.18655e+06
161	3.1395e+06
162	3.10829e+06
163	3.0278e+06
164	2.97885e+06
165	2.94893e+06
166	2.93682e+06
167	2.94412e+06
168	2.95221e+06
169	2.98413e+06
170	3.0129e+06
171	3.01933e+06
172	3.03322e+06
173	3.02922e+06
174	3.04149e+06
175	3.05889e+06
176	3.07637e+06
177	3.04717e+06
178	3.01404e+06
179	2.97893e+06
180	2.86321e+06
181	2.78136e+06
182	2.70996e+06
183	2.66775e+06
184	2.64732e+06
185	2.64874e+06
186	2.68696e+06
187	2.7271e+06
188	2.7428e+06
189	2.75116e+06
190	2.74651e+06
191	2.76936e+06
192	2.78418e+06
193	2.77769e+06
194	2.76966e+06
195	2.70011e+06
196	2.64089e+06
197	2.60247e+06
198	2.58003e+06
199	2.57482e+06
200	2.57995e+06
201	2.57859e+06
202	2.56731e+06
203	2.50201e+06
204	2.49997e+06
205	2.45027e+06
206	2.44073e+06
207	2.42157e+06
208	2.4136e+06
209	2.39751e+06
210	2.38938e+06
211	2.36637e+06
212	2.3671e+06
213	2.35119e+06
214	2.26525e+06
215	2.17049e+06
216	2.14532e+06
217	2.1517e+06
218	2.18054e+06
219	2.20058e+06
220	2.22184e+06
221	2.23019e+06
222	2.21971e+06
223	2.20935e+06
224	2.22135e+06
225	2.2278e+06
226	2.23252e+06
227	2.22304e+06
228	2.199e+06
229	2.18709e+06
230	2.1644e+06
231	2.15562e+06
232	2.16301e+06
233	2.16868e+06
234	2.1714e+06
235	2.1726e+06
236	2.17163e+06
237	2.17115e+06
238	2.17312e+06
239	2.14609e+06
240	2.07282e+06
241	2.04544e+06
242	2.04194e+06
243	2.03624e+06
244	2.01242e+06
245	1.99034e+06
246	1.97673e+06
247	1.94466e+06
248	1.91261e+06
249	1.91371e+06
250	1.91294e+06
251	1.91621e+06
252	1.9164e+06
253	1.91965e+06
254	1.9185e+06
255	1.90517e+06
256	1.86598e+06
257	1.84136e+06
258	1.81492e+06
259	1.79757e+06
260	1.79751e+06
261	1.80059e+06
262	1.76966e+06
263	1.02262e+06
264	1.02306e+06
265	1.02354e+06
266	1.02373e+06
267	570498
268	570553
269	571230
270	571305
271	318069
272	318185
273	318423
274	318536
275	318454
276	318278
277	317238
278	314202
279	313215
280	311351
281	308538
282	308489
283	308486
284	308414
285	306592
286	303169
287	291979
288	292013
289	292818
290	293360
291	294225
292	294783
293	295282
294	295496
295	295472
296	295906
297	296067
298	296135
299	296181
300	295527
301	295200
302	294572
303	294260
304	293018
305	292948
306	290841
307	287536
308	287357
309	283795
310	281484
311	281448
312	281437
313	281417
314	281330
315	281243
316	281069
317	280921
318	280700
319	280051
320	279793
321	279079
322	278883
323	278734
324	279011
325	278653
326	278686
327	278882
328	278882
329	279373
330	279328
331	277761
332	275980
333	274397
334	265723
335	264062
336	262742
337	263026
338	263844
339	264677
340	265034
341	265113
342	265261
343	265286
344	265283
345	260139
346	256748
347	254506
348	253834
349	248943
350	248287
351	246879
352	246879
353	246799
354	246732
355	246816
356	246748
357	246679
358	246457
359	246408
360	246408
361	246408
362	246408
363	246408
364	246408
365	245845
366	245246
367	235920
368	225252
369	222363
370	217262
371	216461
372	215344
373	215048
374	214298
375	214340
376	213535
377	211960
378	211506
379	210466
380	208237
381	204784
382	203110
383	202537
384	202477
385	202088
386	201731
387	200774
388	200112
389	199546
390	200119
391	200724
392	195172
393	182347
394	182341
395	182566
396	182623
397	178155
398	177447
399	175218
400	175218
401	171861
402	168560
403	166956
404	163758
405	158906
406	158747
407	158412
408	158412
409	158202
410	157878
411	157562
412	157416
413	157249
414	157249
415	155870
416	154749
417	152666
418	148040
419	140048
420	138445
421	138445
422	138445
423	133203
424	125628
425	125628
426	125628
427	125628
428	125628
429	125628
430	114058
431	111370
432	109694
433	108665
434	108578
435	108134
436	107968
437	98849.2
438	97888.5
439	97888.5
440	97888.5
441	97888.5
442	93876.1
443	91270.9
444	91270.9
445	91270.9
446	82817.7
447	82817.7
448	82817.7
449	82817.7
450	82817.7
451	82817.7
452	82817.7
453	82817.7
454	82817.7
455	82817.7
456	82817.7
457	82817.7
458	82817.7
459	82817.7
460	82817.7
461	82817.7
462	82817.7
463	82817.7
464	82817.7
465	82817.7
466	82817.7
467	82817.7
468	82817.7
469	82817.7
470	82016.7
471	78113.9
472	75126
473	75126
474	75126
475	75126
476	75126
477	75126
478	75126
479	75126
480	75126
481	75126
482	75126
483	75126
484	75126
485	74409.2
486	72295.2
487	68240.3
488	68240.3
489	68240.3
490	68240.3
491	68240.3
492	68240.3
493	68240.3
494	68240.3
495	68240.3
496	68240.3
497	68240.3
498	67589.5
499	66299.7
500	63177.4
501	61961.9
502	61961.9
503	61961.9
504	61961.9
505	61961.9
506	61961.9
507	61961.9
508	61961.9
509	61961.9
510	61961.9
511	61961.9
512	61961.9
513	61961.9
514	61961.9
515	61961.9
516	61961.9
517	61961.9
518	61961.9
519	61961.9
520	61961.9
521	61961.9
522	61961.9
523	61961.9
524	61961.9
525	60187.2
526	56224.4
527	56224.4
528	56224.4
529	56224.4
530	19214.6
531	19214.6
532	19214.6
533	19214.6
534	3651.58
535	3651.58
536	3651.58
537	3651.58
538	3365.87
